      2.11600      2.10600      2.10600        -0.055383     -0.000000      0.000000
      0.00000      0.00000      0.00000         0.055383      0.000000     -0.000000
      2.10600      2.11600      2.10600        -0.000000     -0.055383     -0.000000
      0.00000      0.00000      0.00000         0.000000      0.055383      0.000000
      2.10600      2.10600      2.11600         0.000000      0.000000     -0.055383
      0.00000      0.00000      0.00000        -0.000000     -0.000000      0.055383
      2.10600      2.10600      2.10600         0.055385      0.000000     -0.000000
      0.01000      2.10600      2.10600        -0.055385     -0.000000      0.000000
      2.10600      2.10600      2.10600         0.000000      0.055385      0.000000
      2.10600      0.01000      2.10600        -0.000000     -0.055385     -0.000000
      2.10600      2.10600      2.10600        -0.000000      0.000000      0.055385
      2.10600      2.10600      0.01000         0.000000     -0.000000     -0.055385
